-991
-835
-651
-511
-416
-591
-805
-835
-705
-557
-608
-676
-677
-668
-629
-602
-658
-794
-829
-744
-627
-634
-840
-1040
-1006
-884
-771
-791
-775
-725
-779
-903
-943
-959
-914
-883
-816
-827
-919
-940
-902
-657
-247
248
752
1384
1720
1505
876
34
-591
-976
-1252
-1412
-1419
-1319
-1232
-1184
-1173
-1132
-1044
-950
-862
-860
-861
-795
-826
-791
-748
-754
-788
-909
-973
-820
-659
-672
-717
-826
-767
-684
-658
-636
-643
-813
-880
-863
-765
-705
-709
-571
-520
-579
-693
-791
-717
-597
-437
-499
-611
-614
-569
-486
-552
-691
-711
-631
-457
-370
-289
-316
-382
-498
-534
-514
-467
-534
-480
-339
-206
-204
-293
-357
-387
-397
-354
-369
-398
-486
-512
-530
-539
-531
-433
-357
-359
-441
-552
-655
-714
-752
-649
-474
-389
-380
-458
-566
-710
-839
-872
-760
-606
-572
-575
-620
-611
-692
-685
-714
-667
-591
-644
-757
-734
-633
-548
-551
-653
-626
-478
-382
-448
-668
-699
-676
-536
-422
-454
-606
-791
-767
-616
-512
-548
-670
-677
-619
-470
-457
-487
-633
-720
-741
-672
-581
-527
-585
-669
-706
-689
-594
-565
-653
-729
-626
-483
-395
-382
-523
-811
-904
-833
-690
-547
-563
-474
-519
-605
-660
-538
-452
-401
-448
-606
-710
-653
-541
-418
-551
-586
-598
-525
-493
-425
-454
-564
-705
-664
-576
-426
-416
-558
-669
-667
-628
-571
-527
-389
-232
-195
-248
-454
-599
-570
-444
-356
-372
-410
-355
-340
-318
-362
-488
-561
-585
-544
-453
-296
-214
-210
-235
-289
-290
-268
-194
-88
-81
-234
-427
-451
-366
-261
-322
-355
-294
-245
-307
-360
-431
-635
-671
-450
-224
-190
-318
-509
-685
-741
-753
-646
-431
-351
-448
-513
-590
-585
-443
-343
-153
192
837
1578
2054
1927
1443
878
68
-706
-1147
-1223
-1074
-860
-721
-756
-832
-873
-855
-778
-713
-715
-800
-750
-613
-591
-670
-675
-624
-578
-469
-448
-527
-563
-574
-552
-530
-579
-573
-527
-536
-584
-542
-462
-448
-423
-419
-410
-397
-428
-400
-289
-258
-362
-403
-390
-338
-276
-247
-247
-283
-273
-191
-95
-135
-282
-342
-312
-180
-87
-63
-101
-44
-84
-229
-265
-263
-229
-210
-152
-80
-44
3
-70
-174
-173
-17
-37
-272
-384
-197
-6
-24
-296
-434
-291
-130
-141
-292
-363
-282
-189
-347
-481
-517
-402
-287
-205
-366
-479
-501
-351
-218
-261
-390
-430
-350
-178
-83
-256
-478
-503
-269
-151
-251
-333
-333
-244
-245
-262
-268
-354
-468
-397
-208
-89
-199
-400
-420
-262
-82
-105
-333
-553
-536
-309
-69
23
-67
-310
-418
-407
-334
-259
-308
-384
-427
-420
-305
-150
-206
-312
-437
-417
-299
-106
-125
-171
-216
-272
-261
-198
-164
-249
-344
-385
-396
-335
-357
-408
-357
-256
-230
-125
-176
-226
-172
-128
-158
-299
-424
-497
-370
-167
-120
-268
-388
-382
-347
-274
-228
-186
-206
-176
-183
-264
-339
-436
-433
-401
-314
-235
-173
-158
-185
-250
-324
-333
-276
-152
-10
26
-38
-182
-316
-366
-338
-297
-223
-134
-14
-37
-45
-17
-34
-122
-116
21
134
24
-93
-85
-110
-190
-134
-112
-215
-335
-376
-312
-215
-153
-285
-391
-419
-373
-308
-235
-297
-342
-351
-301
-283
-227
-214
-105
-35
32
193
713
1382
2008
2248
1827
1200
590
139
-356
-749
-923
-906
-815
-716
-691
-739
-775
-661
-475
-248
-161
-266
-370
-464
-437
-332
-178
-147
-187
-149
-50
-124
-224
-298
-335
-276
-178
-49
-43
-153
-338
-524
-546
-428
-230
-8
117
30
-180
-319
-235
8
109
79
27
-54
-103
-53
22
-27
-108
-108
-25
92
147
54
-38
-7
155
256
205
185
113
-3
-110
-30
150
241
245
130
75
44
7
-14
-14
-28
-76
-78
57
157
102
-55
-92
-39
20
24
-109
-243
-206
-154
-100
-102
-109
-54
-62
-125
-178
-152
-102
-124
-125
3
33
-79
-139
-134
-140
-219
-255
-129
61
194
-3
-257
-331
-115
70
-2
-85
-120
-112
-127
-101
-16
-7
-100
-187
-199
-149
-125
-192
-192
-132
-20
-141
-355
-292
-165
9
-3
-187
-309
-379
-294
-97
88
59
-13
-64
-201
-289
-221
-110
-93
-155
-150
-118
-130
-200
-293
-421
-481
-412
-292
-113
-55
-171
-300
-291
-233
-126
-114
-146
-143
-219
-334
-325
-236
-147
-183
-204
-206
-225
-310
-320
-295
-255
-263
-278
-295
-246
-203
-180
-276
-289
-341
-247
-129
-149
-367
-449
-434
-288
-100
-40
-131
-284
-406
-437
-340
-95
153
143
-1
-202
-257
-192
-82
49
84
18
22
27
122
108
-17
-140
-211
-173
-119
-147
-348
-456
-326
-138
-18
-28
-74
-90
-153
-289
-352
-295
-159
-41
-33
-286
-437
-343
-134
74
280
612
1045
1544
2034
2147
1702
1013
435
37
-451
-858
-833
-636
-511
-576
-636
-632
-486
-278
-48
-77
-242
-322
-376
-390
-349
-281
-182
-302
-361
-330
-161
-29
-48
-101
-131
-114
-192
-235
-179
-63
23
-60
-134
-140
-61
-1
-64
-135
-126
-86
29
8
-83
-161
-244
-201
-154
-76
-59
-77
-35
14
74
177
261
297
155
-7
-26
48
207
387
387
266
159
130
130
194
216
257
194
75
77
85
254
372
242
91
-17
66
188
319
302
179
7
-154
-244
-212
-124
-1
115
61
8
-49
-29
53
116
155
76
-12
-80
-27
66
44
7
100
149
102
-44
-86
7
92
212
254
136
-15
-45
11
113
164
140
80
41
-16
42
200
210
114
-58
-62
-9
79
202
232
190
87
22
-16
-113
-48
134
213
113
28
-1
20
62
119
129
88
0
40
158
157
34
-4
81
180
239
74
-153
-158
27
233
311
261
204
41
-109
-114
50
294
386
263
121
101
121
166
243
323
244
13
-30
80
262
338
267
104
-56
-94
26
200
267
195
166
171
128
123
163
226
310
331
268
162
171
243
405
505
504
433
308
171
162
278
421
260
-3
-77
17
117
99
12
-43
-39
86
226
194
2
-108
-34
108
34
-100
-106
-151
-134
-44
94
378
843
1334
1872
2390
2446
1950
1287
571
10
-324
-559
-705
-691
-621
-533
-384
-299
-316
-323
-215
-72
-24
-25
-72
-188
-167
-113
-63
-145
-270
-343
-252
-44
180
117
-145
-289
-303
-200
-102
-33
10
15
-39
-123
-130
-96
-44
19
107
110
22
-113
-73
59
84
57
7
-9
61
110
82
120
229
364
299
166
134
143
143
148
73
67
139
244
424
487
335
158
61
97
101
53
-40
-31
77
231
233
76
-71
-62
13
107
114
75
0
29
66
0
-253
-393
-268
35
166
-117
-309
-228
-93
-42
-35
23
0
-113
-202
-166
-83
5
56
-132
-272
-239
-124
-79
-154
-228
-202
-256
-270
-229
-42
88
136
110
33
-34
13
-28
-157
-225
-155
-118
-95
-216
-325
-259
-187
-189
-272
-283
-175
-83
-135
-299
-354
-265
2
182
122
-82
-215
-238
-100
-102
-170
-196
-229
-259
-287
-207
-156
-134
-189
-301
-351
-199
0
-77
-220
-202
-119
-80
-100
-169
-225
-207
-175
-189
-274
-415
-385
-232
-98
-63
-115
-178
-143
15
77
0
40
60
123
176
181
27
-98
-142
-204
-185
-86
-89
-186
-167
-79
6
-64
-258
-423
-455
-423
-362
-428
-439
-349
-220
-145
-131
-297
-475
-408
-261
-220
-319
-526
-534
-372
53
816
1629
2118
2073
1534
804
265
-231
-606
-874
-1004
-973
-864
-680
-657
-796
-897
-874
-767
-515
-305
-307
-428
-547
-585
-585
-482
-416
-541
-594
-398
-136
-184
-387
-515
-488
-373
-280
-265
-343
-446
-426
-207
-27
-59
-267
-463
-560
-452
-260
-191
-343
-523
-506
-367
-221
-175
-170
-196
-189
-188
-128
-128
-186
-248
-213
-77
-15
-1
-53
-105
-80
22
116
-37
-168
-114
-43
49
115
41
-81
-230
-295
-188
11
56
-126
-242
-257
-164
-107
-83
-76
-120
-156
-170
-184
-230
-268
-308
-243
-136
-151
-198
-231
-230
-223
-277
-378
-399
-259
-187
-174
-244
-213
-317
-391
-474
-371
-199
-139
-172
-281
-206
-36
-65
-166
-217
-186
-150
-195
-295
-296
-251
-203
-221
-286
-227
-82
-18
-144
-272
-256
-271
-390
-427
-431
-362
-216
-109
-179
-273
-261
-136
-67
-103
-215
-58
-8
-203
-365
-416
-376
-315
-160
-32
-110
-327
-362
-253
-173
-193
-263
-355
-295
-176
16
90
35
1
-19
45
116
111
69
-63
-85
154
184
-29
-220
-216
-120
-13
13
46
-44
-92
-121
-131
-131
-201
-237
-231
-210
-292
-437
-422
-244
-75
-187
-311
-355
-319
-228
-25
230
593
1179
1764
2128
2058
1615
1055
413
-72
-305
-335
-368
-511
-848
-974
-806
-549
-380
-463
-553
-449
-261
-208
-199
-185
-210
-339
-379
-255
-113
-82
-88
-59
-48
-19
-12
-123
-227
-291
-365
-336
-134
27
-56
-168
-169
-80
-15
-66
-120
-113
-141
-55
55
104
81
-116
-251
-204
-16
219
311
149
9
-50
-55
-44
-16
40
111
228
275
178
-9
-92
-32
91
239
363
338
286
179
58
0
13
62
56
-11
-50
-70
-67
-61
-93
-117
-254
-210
-142
-26
-107
-217
-154
-111
-163
-184
-137
-134
-161
-117
-134
-168
-168
-233
-220
-154
-82
-17
92
19
-145
-278
-263
-215
-232
-242
-175
-78
25
-6
-154
-230
-226
-209
-255
-293
-267
-135
-22
-66
-142
-147
-159
-221
-251
-230
-88
85
145
-22
-188
-198
-95
-40
-104
-215
-295
-310
-298
-206
-182
-102
-207
-228
-239
-201
-147
-83
-216
-399
-381
-181
43
68
-63
-138
-155
-84
-6
114
157
87
-56
-106
-79
-20
-43
-12
-15
8
9
-27
31
55
51
13
-45
-90
-109
-136
-157
-206
-132
19
76
-79
-212
-277
-252
-296
-351
-288
-202
-196
-285
-328
-346
-445
-452
-336
-193
27
231
497
1045
1728
2195
2180
1602
912
366
-95
-475
-704
-792
-787
-680
-587
-591
-595
-558
-426
-297
-345
-392
-369
-300
-223
-130
-106
-226
-421
-517
-518
-376
-219
-119
-156
-171
-177
-251
-296
-219
-154
-170
-299
-361
-284
-133
-17
-40
-126
-156
-121
-192
-301
-300
-105
72
169
-5
-234
-285
-126
129
198
88
-42
-108
-57
49
157
172
92
-34
-66
73
225
227
179
120
219
347
268
73
12
47
70
41
45
132
155
47
-39
-101
-143
-241
-228
-175
-73
-44
-34
-74
-24
27
-15
-115
-162
-119
-73
-61
-139
-161
-251
-351
-301
-123
50
76
-33
-141
-353
-429
-343
-169
57
95
23
-31
-63
-86
-164
-41
46
8
-145
-166
-155
-136
-140
-76
-20
0
11
13
-32
-143
-206
-229
-194
-249
-267
-247
-189
-97
-113
-229
-378
-341
-253
-131
-99
-254
-365
-331
-136
-85
-212
-351
-421
-332
-234
-86
7
-22
-151
-244
-416
-482
-403
-236
-127
-167
-283
-298
-212
-46
-33
-141
-204
-244
-256
-255
-77
26
75
107
138
84
-37
-124
-199
-87
35
-55
-176
-250
-243
-253
-232
-117
-99
-173
-250
-238
-153
-99
-195
-385
-515
-513
-405
-317
-311
-392
-416
-386
-547
-624
-416
-107
178
430
928
1608
2190
2275
1753
997
400
-42
-371
-584
-667
-702
-770
-973
-982
-870
-699
-479
-328
-238
-245
-432
-569
-566
-380
-224
-166
-141
-123
-183
-279
-279
-257
-233
-241
-277
-275
-352
-351
-278
-256
-167
-95
-88
-151
-229
-253
-252
-262
-201
-105
-57
-49
-134
-187
-173
-162
-106
-85
-25
44
4
-110
-49
63
184
297
260
126
132
105
5
-114
-147
-30
186
324
285
237
91
-8
25
181
183
111
143
215
341
288
21
-186
-278
-183
-3
55
-11
-106
-149
-151
-119
-75
-73
-60
-154
-272
-320
-225
-164
-190
-274
-312
-207
-112
0
-85
-187
-102
50
21
-61
-95
-12
50
39
-98
-202
-222
-124
-114
-139
-73
21
35
-48
-242
-252
-225
-113
27
12
-155
-303
-255
-122
-13
-100
-183
-165
-109
-122
-157
-121
-86
-75
-110
-190
-279
-266
-255
-130
17
120
72
-49
-188
-278
-296
-270
-101
25
49
-118
-173
-186
-155
-179
-215
-176
-150
-21
-15
-5
-44
-141
-150
-56
-67
-58
-107
-92
-189
-181
-120
-117
-134
-198
-165
5
153
199
190
155
129
63
-5
-12
113
201
154
85
44
121
216
288
210
104
12
-41
-215
-159
10
151
12
-234
-284
-8
277
152
-153
-345
-384
-301
-196
-153
-188
-283
-325
-314
-343
-346
-256
-244
-76
390
1069
1650
2090
2205
1811
1107
498
10
-314
-616
-785
-831
-871
-861
-776
-759
-721
-548
-392
-368
-471
-434
-395
-352
-238
-124
-37
-112
-271
-252
-196
-143
-140
-201
-265
-261
-189
-162
-298
-327
-299
-264
-274
-329
-313
-150
-47
-62
-55
5
99
183
141
28
-14
-56
-71
-179
-263
-225
-105
96
154
109
88
94
111
104
164
222
232
248
371
455
440
406
388
447
466
501
486
444
290
278
379
521
547
373
226
173
220
259
272
222
202
340
413
393
271
168
193
281
321
374
319
256
229
309
352
237
178
255
334
411
462
439
384
396
437
505
531
511
519
561
581
576
556
572
614
672
633
517
415
513
765
974
1007
819
668
644
762
820
883
850
829
950
1021
911
817
779
774
921
1086
1053
956
852
790
924
1158
1221
1100
874
794
863
949
1017
1093
1036
990
950
935
941
1000
1068
1127
1175
1162
1106
1058
1012
1060
1126
1117
1113
1043
1002
1013
967
883
782
856
1031
1178
1290
1285
1213
991
806
890
1045
1140
1222
1179
1114
1028
985
1071
1145
1178
1170
1127
1081
1048
1015
979
969
1017
1103
1184
1184
1076
993
947
966
1122
1221
1290
1201
1124
1133
1351
1425
1329
1156
1103
1162
1232
1272
1211
1111
1019
1002
1050
1086
1118
1014
855
740
755
775
881
1000
1084
1053
928
868
890
889
897
871
867
864
759
673
702
1040
1514
2139
2692
3135
3269
2939
2182
1405
839
501
357
360
372
373
296
245
265
376
508
627
579
486
419
451
524
606
644
552
484
446
518
611
765
837
861
784
581
429
399
432
539
575
422
441
531
631
667
683
592
544
607
755
775
584
422
429
554
679
660
591
526
551
547
585
604
599
662
761
803
701
500
418
533
767
907
896
828
688
660
769
808
799
707
560
437
400
475
579
541
515
526
509
484
428
436
474
486
435
452
375
341
287
270
275
290
244
200
222
256
282
274
252
244
299
383
397
288
133
61
122
351
532
430
242
120
139
182
183
183
185
170
111
83
126
208
348
443
368
134
5
60
234
360
327
246
177
73
25
-13
43
94
143
207
238
212
168
112
53
69
72
53
-20
-30
-1
147
167
60
43
80
168
204
137
1
-105
-148
-138
-82
28
148
200
117
-6
-98
-147
-103
-65
-10
-25
-102
-110
-20
87
66
-39
-71
-43
-8
75
60
-51
-120
-93
8
151
148
-141
-357
-318
-148
29
84
25
-74
-173
-209
-114
-11
140
193
117
-45
-171
-215
-171
-84
32
65
-16
-200
-296
-302
-200
-47
34
14
-69
-171
-187
-64
56
91
103
104
104
100
169
302
262
30
-181
-233
-220
-87
-8
-88
-114
-113
-62
-92
-269
-354
-284
-243
-192
-215
-255
-143
-67
-54
-75
-173
-279
-447
-587
-708
-587
-296
57
304
497
799
1381
1863
2098
1962
1293
444
-172
-642
-809
-845
-845
-901
-869
-777
-626
-618
-640
-608
-481
-330
-273
-335
-462
-485
-483
-368
-268
-241
-274
-423
-540
-526
-377
-210
-258
-368
-366
-312
-330
-442
-534
-565
-634
-639
-532
-383
-326
-384
-348
-260
-315
-466
-478
-395
-228
-172
-244
-337
-353
-311
-194
-214
-358
-426
-407
-300
-213
-188
-175
-147
-171
-150
-166
-217
-275
-242
-155
-31
-12
-143
-223
-241
-224
-229
-330
-404
-406
-402
-398
-291
-159
-99
-294
-567
-694
-657
-529
-361
-402
-603
-739
-639
-510
-440
-539
-610
-627
-652
-591
-523
-444
-503
-515
-467
-563
-710
-668
-512
-466
-501
-665
-743
-753
-707
-640
-563
-484
-467
-532
-586
-725
-787
-671
-521
-364
-376
-503
-725
-803
-602
-433
-416
-570
-640
-669
-732
-797
-731
-626
-489
-419
-465
-527
-568
-654
-808
-822
-727
-564
-456
-471
-621
-707
-713
-665
-561
-448
-544
-641
-674
-635
-567
-612
-711
-632
-539
-499
-478
-507
-541
-587
-628
-577
-518
-457
-499
-525
-539
-624
-609
-602
-548
-541
-625
-633
-582
-520
-459
-477
-493
-475
-467
-445
-437
-425
-496
-624
-694
-654
-516
-410
-431
-377
-345
-290
-391
-461
-479
-415
-387
-477
-556
-561
-534
-470
-418
-394
-392
-338
-398
-361
-379
-369
-382
-410
-372
-286
-283
-287
-266
-140
-65
-26
-77
-233
-380
-463
-456
-414
-319
-223
-117
-181
-196
-247
-314
-297
-253
-211
-363
-514
-606
-549
-394
-338
-339
-414
-504
-549
-534
-486
-460
-478
-522
-477
-269
113
678
1424
2037
2080
1542
949
438
-66
-533
-912
-1104
-1058
-979
-870
-722
-735
-714
-710
-679
-632
-546
-578
-602
-527
-404
-295
-292
-446
-609
-671
-582
-420
-332
-299
-207
-177
-334
-503
-585
-585
-519
-390
-244
-213
-308
-455
-553
-500
-370
-246
-268
-279
-346
-464
-418
-378
-310
-231
-155
-57
1
-68
-119
-132
-153
-140
-180
-255
-247
-189
-110
-33
-37
-29
-20
-16
-31
-115
-110
-78
7
126
107
-4
-95
-114
-101
-66
-103
-101
-66
-43
-104
-183
-299
-370
-299
-155
-76
-126
-221
-264
-342
-349
-350
-346
-267
-167
-167
-340
-421
-323
-145
-63
-121
-176
-175
-74
-42
-71
-96
-155
-206
-318
-331
-329
-261
-192
-109
-156
-191
-234
-262
-146
-44
-158
-308
-341
-316
-310
-262
-133
5
-2
-81
-125
-227
-378
-425
-326
-209
-39
7
-82
-244
-368
-349
-270
-259
-272
-289
-291
-312
-284
-287
-252
-293
-273
-277
-233
-228
-255
-336
-395
-434
-401
-280
-253
-302
-353
-330
-272
-166
-155
-175
-182
-292
-361
-413
-400
-428
-340
-234
-159
-167
-192
-269
-301
-334
-331
-250
-194
-151
-172
-225
-263
-256
-272
-200
-88
-4
-114
-415
-589
-547
-322
-239
-202
-192
-215
-208
-172
-163
-132
-172
-213
-305
-295
-217
-171
-147
57
249
198
-17
-186
-215
-132
-2
73
1
-154
-259
-256
-158
-25
-36
-195
-469
-561
-344
-89
-104
-313
-493
-485
-314
-187
-189
-293
-358
-345
-311
-341
-488
-440
-202
40
304
650
1101
1672
2177
2261
1745
1011
392
-188
-583
-813
-912
-931
-885
-792
-689
-661
-649
-552
-483
-454
-393
-242
-90
-112
-289
-433
-520
-435
-275
-235
-222
-320
-353
-348
-333
-325
-301
-215
-242
-344
-374
-290
-91
-53
-187
-342
-341
-244
-77
-82
-116
-178
-147
-146
-87
-212
-293
-300
-210
-129
-101
-133
-137
-152
-62
52
112
100
0
-123
-111
26
188
247
112
-3
-60
-5
66
123
123
88
73
-6
-173
-150
-26
80
155
13
-127
-128
-78
50
50
-42
-133
-182
-173
-153
-123
-144
-208
-286
-298
-245
-210
-211
-259
-301
-424
-285
-4
259
169
-169
-393
-374
-228
-93
-164
-318
-342
-206
-72
-46
-137
-239
-230
-161
-88
19
16
-12
-24
-11
-93
-234
-305
-203
-161
-134
-166
-174
-213
-164
-177
-165
-113
-53
-177
-294
-376
-292
-114
73
43
-125
-266
-268
-188
-160
-123
-90
-110
-217
-272
-288
-174
-70
-45
-131
-239
-239
-130
-164
-138
-232
-271
-359
-307
-155
-103
-149
-204
-135
-172
-154
-169
-123
-185
-182
-109
-14
-26
-93
-234
-279
-285
-212
-162
-228
-253
-221
-139
-182
-171
-140
-138
-188
-242
-291
-296
-247
-197
-121
-165
-252
-281
-227
-94
94
135
51
-127
-128
-70
10
34
-19
-26
-41
33
53
4
-44
-40
11
-57
-208
-359
-348
-236
-148
-138
-236
-237
-164
-105
-221
-353
-373
-293
-209
-220
-376
-485
-483
-381
-281
-177
-80
21
276
733
1412
2175
2410
1961
1172
513
-46
-477
-808
-863
-716
-566
-594
-689
-722
-654
-582
-451
-353
-352
-445
-488
-392
-238
-324
-515
-619
-539
-374
-279
-271
-292
-211
-217
-283
-351
-405
-345
-225
-141
-94
-257
-328
-332
-288
-224
-193
-212
-176
-123
-141
-238
-283
-292
-265
-197
-90
-49
-49
-106
-195
-189
-126
-61
-155
-104
-69
79
127
103
71
77
65
61
42
18
-24
63
117
141
139
127
116
101
108
29
-104
-143
-139
-164
-195
-163
-181
-220
-242
-225
-232
-300
-356
-291
-139
-61
-175
-253
-322
-295
-204
-249
-297
-311
-286
-268
-368
-385
-262
-153
-182
-268
-307
-278
-231
-315
-409
-369
-247
-98
-49
-49
-204
-439
-482
-411
-274
-127
-180
-396
-432
-364
-177
43
-7
-156
-205
-182
-256
-294
-323
-314
-229
-185
-219
-245
-341
-363
-356
-390
-362
-293
-274
-274
-219
-159
-209
-339
-430
-396
-337
-277
-229
-158
-101
-88
-288
-484
-538
-402
-261
-226
-269
-339
-370
-291
-214
-188
-85
-93
-128
-246
-378
-398
-380
-311
-274
-281
-326
-319
-287
-216
-209
-315
-410
-356
-205
-94
-118
-227
-321
-322
-400
-380
-248
-86
-65
-229
-356
-419
-358
-328
-254
-143
-96
-136
-154
-147
-50
-72
-131
-155
-100
-115
-218
-157
-82
-68
-137
-199
-186
-123
-9
33
3
-119
-212
-260
-369
-421
-342
-237
-221
-236
-329
-364
-326
-377
-462
-520
-524
-343
-246
-336
-422
-364
-219
-124
113
649
1365
1985
2172
1928
1370
746
96
-397
-672
-755
-775
-731
-713
-712
-687
-700
-720
-625
-486
-469
-414
-305
-227
-220
-391
-515
-494
-355
-262
-301
-437
-464
-464
-467
-362
-262
-228
-239
-259
-305
-279
-283
-318
-318
-196
-158
-152
-177
-240
-316
-364
-363
-358
-349
-299
-207
-191
-203
-200
-193
-115
-4
124
69
-73
-211
-188
-91
49
117
101
70
-1
-42
36
134
198
137
44
35
59
16
-92
-113
-6
57
136
48
-52
-200
-199
-91
4
-64
-196
-246
-193
-110
-45
-98
-133
-201
-300
-318
-332
-299
-299
-236
-248
-320
-334
-297
-352
-401
-329
-196
-68
-131
-219
-178
-61
-47
-153
-299
-356
-366
-328
-313
-285
-229
-145
-184
-338
-361
-300
-153
-55
-224
-335
-331
-312
-353
-400
-344
-201
-56
-70
-164
-262
-334
-344
-315
-298
-271
-286
-414
-434
-404
-313
-273
-237
-222
-229
-186
-183
-338
-410
-376
-345
-275
-302
-362
-382
-312
-261
-226
-273
-300
-378
-392
-372
-336
-338
-359
-310
-289
-181
-165
-246
-263
-286
-247
-248
-241
-300
-358
-380
-269
-193
-230
-264
-264
-250
-287
-276
-303
-353
-401
-313
-94
-52
-175
-287
-287
-247
-229
-198
-234
-231
-210
-213
-156
-52
-43
-59
-61
-123
-99
-78
-98
-95
-49
-40
-96
-148
-141
-282
-362
-371
-253
-199
-225
-331
-387
-484
-437
-372
-401
-433
-405
-309
-234
-283
-420
-519
-577
-621
-492
-225
145
602
1086
1721
2167
2109
1652
993
323
-288
-700
-841
-839
-857
-921
-841
-654
-461
-478
-562
-591
-526
-352
-220
-368
-550
-591
-505
-418
-316
-293
-308
-217
-242
-303
-392
-464
-434
-307
-224
-232
-245
-226
-177
-215
-160
-177
-204
-238
-252
-208
-189
-112
-168
-314
-350
-228
-172
-90
-52
-103
-102
-94
-216
-212
-79
50
163
187
116
11
-54
2
23
63
92
73
61
110
96
74
92
117
170
211
253
202
98
-2
-64
-51
-54
-105
-140
-161
-138
-190
-150
-68
-49
-116
-140
-161
-169
-218
-98
-7
-90
-342
-469
-441
-277
-101
-10
-49
-107
-137
-191
-234
-161
-95
-103
-157
-159
-130
-163
-160
-177
-198
-123
-13
-68
-228
-328
-236
-109
-33
-65
-174
-194
-133
-65
-58
-75
-43
-21
-16
-69
-84
-139
-179
-173
-200
-252
-177
-32
-5
-77
-69
-41
-46
20
-37
-239
-332
-347
-215
-80
-53
-96
-85
-72
-150
-183
-218
-228
-136
-78
-141
-208
-147
-94
-70
-35
32
5
-80
-206
-238
-214
-93
53
56
-78
-225
-265
-156
-32
-92
-104
-123
-215
-273
-177
-60
-1
-7
-117
-116
-53
-59
-117
-158
-164
-98
-57
-24
30
158
109
35
-46
-52
-22
60
203
243
249
136
82
-44
-110
-21
146
327
327
222
61
-86
-193
-183
-119
-3
37
8
-103
-156
-227
-253
-175
-52
-112
-193
-199
-168
-184
-232
-172
-192
-185
50
560
1175
1706
2184
2363
2024
1412
806
244
-195
-546
-726
-784
-684
-526
-393
-377
-460
-503
-424
-347
-226
-230
-260
-247
-240
-277
-290
-310
-232
-38
14
-31
-124
-220
-214
-152
-106
-198
-275
-195
-143
-130
-153
-187
-198
-154
-8
20
1
-81
-203
-240
-95
31
7
-100
-53
35
68
97
141
183
163
65
16
-15
12
70
104
69
51
122
155
257
191
136
40
102
158
254
330
280
121
15
88
261
214
60
-38
6
93
109
-3
-189
-218
-121
11
28
-45
-94
-150
-246
-197
-93
-66
-72
-69
-120
-195
-227
-115
-69
-85
-58
-73
-127
-134
-95
-37
2
-79
-138
-141
-159
-102
1
94
81
-45
-222
-267
-155
-87
-33
-12
-41
-26
-55
-85
-53
18
-9
-28
-76
-126
-108
-153
-186
-149
-138
-145
-166
-101
-98
-145
-185
-133
-98
-127
-158
-136
-136
-102
-87
-40
8
-82
-194
-179
-194
-192
-232
-124
46
172
60
-119
-261
-340
-252
-52
137
24
-188
-232
-216
-134
-108
11
120
149
36
-112
-223
-285
-314
-264
-184
-75
-17
-144
-259
-233
-124
-22
82
132
35
-97
-119
-43
9
14
74
86
42
-30
-30
-26
11
107
119
149
104
117
164
123
-27
-106
-16
106
231
156
-47
-233
-295
-205
-65
-97
-88
-161
-155
-111
-127
-227
-266
-254
-317
-356
-348
-205
-21
213
402
708
1250
1867
2270
2114
1485
740
137
-249
-450
-536
-646
-806
-802
-661
-533
-544
-599
-568
-485
-453
-500
-442
-241
-113
-240
-379
-364
-367
-403
-372
-258
-175
-179
-366
-437
-358
-205
-133
-149
-97
-122
-149
-313
-379
-312
-139
46
-28
-192
-163
-96
-38
-117
-235
-240
-169
-101
-73
-42
96
151
-65
-217
-214
-103
3
21
-20
29
57
41
-148
-220
-48
274
455
501
365
67
-72
-24
107
190
154
142
89
89
75
56
45
29
-5
-155
-192
-133
-100
-152
-258
-238
-217
-114
-90
-151
-278
-307
-242
-126
-58
-110
-262
-344
-296
-203
-126
-174
-92
-127
-223
-308
-290
-312
-250
-107
-70
-204
-346
-330
-241
-178
-120
-152
-173
-170
-153
-208
-283
-291
-281
-257
-287
-291
-284
-253
-192
-252
-329
-353
-281
-184
-49
-84
-166
-225
-224
-151
-79
-160
-289
-341
-297
-237
-234
-231
-209
-207
-214
-220
-189
-145
-83
-145
-181
-165
-69
-119
-125
-135
-129
-118
-68
-140
-218
-247
-173
-139
-151
-173
-146
-151
-141
-124
0
52
34
19
66
122
155
156
163
112
91
97
144
140
84
-9
-22
25
69
-9
-158
-232
-21
136
80
-31
-80
-110
-139
-202
-254
-181
-94
-44
-20
-94
-152
-149
-81
-139
-241
-251
-93
225
650
1174
1788
2304
2448
2067
1385
814
238
-172
-397
-505
-551
-572
-573
-559
-485
-434
-325
-177
-113
-48
-107
-173
-159
-96
-81
-112
-154
-176
-190
-117
50
152
118
47
20
-92
-195
-121
-4
25
33
16
84
126
44
41
32
15
-36
-72
-92
20
134
133
53
92
222
268
179
-6
-19
85
245
353
427
392
258
138
178
227
328
310
346
362
344
330
240
208
195
343
487
538
474
298
125
21
138
257
282
269
156
29
66
161
291
307
267
52
-137
-244
-202
-68
150
166
95
-28
-41
23
121
245
169
40
-122
-126
38
105
59
12
-3
106
144
59
-11
28
144
121
143
172
144
106
149
227
126
30
0
64
103
160
125
102
143
164
54
-66
-82
-27
55
184
156
61
-54
-74
21
80
9
-43
-11
103
122
-11
-71
-61
-67
-51
92
336
389
265
97
-15
-31
58
-2
-115
-160
-160
-74
64
143
104
35
10
67
60
27
15
39
173
240
281
193
245
325
431
409
327
295
249
129
91
157
241
193
162
73
6
49
77
49
5
-29
-15
-109
-109
-43
-37
14
77
-15
-153
-258
-197
-57
-12
-116
-151
-62
151
600
1210
1816
2293
2537
2275
1440
640
165
-7
-71
-248
-498
-629
-603
-511
-462
-311
-292
-300
-227
-115
-70
-88
-120
-152
-187
-200
-173
-85
-6
34
6
-26
-33
-52
-64
11
89
204
112
35
-69
-160
-180
-172
-105
-15
77
100
41
-59
-59
-36
108
256
223
77
-41
-32
17
123
246
306
333
400
304
184
129
153
174
189
161
180
288
366
325
166
60
134
369
576
627
474
385
286
176
93
112
148
160
176
269
358
299
89
-34
-10
70
128
34
-143
-118
-6
114
76
-111
-158
-34
146
178
122
-19
-109
-42
43
71
98
168
176
144
75
-18
-45
-87
-101
-1
107
203
176
69
-14
-35
20
86
107
50
89
52
48
27
-29
-142
-137
4
249
377
289
76
-142
-193
-79
-15
19
35
40
3
-99
-100
-44
-15
-70
-132
-104
47
155
160
123
94
45
-12
-48
-47
18
-21
-101
-171
-225
-196
-109
16
50
-24
-57
27
162
231
156
-14
-141
-145
-10
180
250
185
15
-34
73
205
252
231
149
92
105
123
67
73
148
191
153
65
-21
7
73
145
105
15
-50
-93
-133
-274
-244
-125
-35
-49
-101
-104
-112
-119
-136
-143
-80
-30
-80
-36
143
669
1284
1932
2365
2426
1915
1146
561
163
-125
-460
-690
-750
-634
-455
-346
-347
-359
-349
-309
-226
-185
-190
-181
-133
-164
-143
-133
-160
-156
-187
-101
51
29
-108
-294
-322
-155
-9
-30
-86
-103
-68
-11
52
-2
-39
-19
51
67
-23
-121
-106
-50
-9
14
115
93
28
-77
-108
-66
20
105
108
110
139
236
261
254
177
179
216
238
160
132
177
202
229
292
395
385
265
154
90
198
237
155
136
94
54
37
95
202
46
-73
-112
-88
-81
-77
-19
68
101
-2
-298
-406
-195
72
255
149
-71
-145
-73
27
-30
-108
-100
2
58
21
-12
-69
-82
12
63
80
86
49
0
-75
-3
56
79
63
12
-55
-71
29
77
61
47
17
48
116
101
-50
-158
-179
-40
183
242
96
-103
-180
-224
-151
-22
51
57
18
-42
-71
-159
-196
-100
-23
-4
-6
12
91
-4
-116
-128
-117
-29
29
-33
-112
-97
-64
-74
-111
-130
-147
-109
19
118
104
11
-73
-126
-99
-50
-80
-200
-252
-205
-171
-140
-132
-137
-126
-86
-60
-108
-137
-207
-140
-49
-18
34
-15
-119
-127
-20
156
272
215
82
2
0
13
60
21
10
65
158
147
56
51
73
68
47
-10
-146
-194
-100
9
12
-96
-196
-271
-242
-135
-71
-113
-242
-276
-192
-110
-116
-175
-225
-210
-173
-94
118
622
1326
2008
2369
2269
1804
1256
724
157
-425
-782
-842
-759
-642
-555
-511
-506
-456
-371
-238
-140
-99
-199
-288
-357
-354
-217
-71
-54
-149
-205
-262
-367
-361
-250
-134
-135
-217
-306
-276
-166
-98
-54
-68
-36
-7
-20
-106
-146
-96
10
47
-30
-108
-83
-94
-197
-130
-16
85
102
38
-16
-38
27
40
42
45
62
37
78
255
376
362
356
309
336
263
113
47
81
200
294
357
207
93
94
98
115
163
208
164
-3
-105
-222
-260
-133
3
140
89
-71
-149
-109
-87
-3
32
39
46
0
-182
-245
-168
-51
-7
5
-66
-178
-228
-220
-101
-39
-66
-57
-53
-27
3
42
72
33
-74
-99
-94
-16
5
-14
6
-41
-101
-45
-12
-43
-45
17
61
-64
-170
-211
-135
-17
82
32
-59
-109
-135
-84
-5
13
-23
-10
24
16
1
-62
-109
-88
-102
-247
-232
-149
-56
33
-45
-143
-168
-201
-212
-213
-214
-174
-87
53
94
-8
-147
-209
-85
-6
-53
-106
-65
-48
-89
-159
-103
13
-19
-162
-241
-180
-77
-17
-34
-26
-38
-91
-119
-62
-24
23
32
19
-170
-317
-207
-72
-77
-82
-107
-140
-118
-53
-50
-71
-91
-19
77
125
112
3
-50
-100
-85
5
41
93
177
180
71
31
150
215
104
13
24
14
40
72
146
240
289
117
40
-12
-25
39
100
18
-106
-110
-6
151
266
224
46
-261
-482
-492
-307
-73
-41
-65
-68
-92
-94
-91
-50
202
767
1385
1933
2271
2404
2099
1374
527
-151
-542
-637
-588
-558
-530
-420
-303
-224
-301
-478
-505
-365
-144
-36
-12
-70
-171
-253
-286
-207
-83
2
-1
18
14
46
78
36
-179
-377
-262
-12
201
311
198
104
16
16
-132
-246
-147
-31
9
30
69
103
60
73
75
50
24
169
366
376
220
96
58
157
296
431
396
213
37
97
394
630
625
398
169
125
161
266
337
400
371
234
124
116
191
260
289
198
102
42
32
134
180
89
-91
-130
-59
45
-11
-133
-153
-82
19
-4
-28
-54
-47
-53
-61
-60
-99
-26
70
66
0
-77
-46
-17
-32
-2
23
16
-7
-106
-188
-140
-41
78
103
-72
-181
-147
-53
7
97
111
179
202
169
-24
-188
-280
-207
-46
42
-30
-65
-46
-24
-10
-54
-102
-146
-97
24
47
-8
-124
-130
-37
34
45
20
-58
-78
-89
-83
-81
-52
1
-53
-159
-206
-156
-61
61
74
-79
-245
-324
-208
-18
28
-32
-124
-153
-96
10
96
35
-9
-54
-115
-139
-180
-141
-38
62
99
15
-76
-110
-181
-196
-33
107
132
9
-81
-126
-162
-151
-125
-59
-32
-89
-187
-185
-103
-7
60
0
-76
-168
-170
-59
105
132
-57
-174
-152
-52
56
80
5
116
109
19
-13
2
15
31
166
259
273
171
5
-45
69
125
149
72
27
7
41
53
67
63
9
-55
-194
-355
-283
-141
-120
-172
-194
-142
-21
76
13
-97
-139
-80
-47
-32
142
555
1177
1815
2378
2431
1886
1139
518
36
-201
-270
-382
-561
-612
-657
-596
-407
-311
-363
-355
-317
-182
-122
-157
-217
-257
-173
-78
-90
-159
-170
-188
-178
-138
-51
-11
-58
-125
-186
-155
-53
13
40
-14
-85
-192
-227
-134
-27
114
187
171
128
129
58
16
63
23
31
-13
-31
12
89
120
121
75
80
171
222
323
416
396
373
410
407
309
181
107
203
304
359
369
306
303
307
244
247
242
252
163
58
44
107
185
166
19
-72
-42
40
159
160
69
2
-8
46
57
50
-81
-149
-80
60
215
83
-126
-299
-305
-188
-45
44
105
51
42
-56
-126
-137
-116
-43
14
31
51
93
3
-112
-90
-41
-26
-171
-189
-82
-50
-108
-69
-12
51
81
31
-163
-278
-248
-176
-202
-182
-89
-26
-133
-285
-380
-377
-287
-249
-249
-260
-191
-124
-109
-207
-361
-317
-207
-161
-218
-214
-118
-94
-184
-336
-456
-473
-420
-326
-315
-327
-241
-136
-198
-344
-369
-294
-132
-84
-145
-239
-370
-392
-340
-304
-171
-135
-199
-224
-264
-301
-342
-357
-243
-148
-148
-191
-237
-268
-299
-349
-334
-314
-183
-86
-72
-201
-240
-223
-185
-138
-91
31
155
133
-92
-171
-161
-63
35
85
18
-34
-51
-63
-34
41
43
-103
-226
-231
-78
77
-31
-317
-463
-392
-181
-115
-114
-157
-202
-252
-260
-209
-219
-162
-76
-153
-323
-447
-361
1
533
1074
1499
1898
2060
1799
1158
453
-113
-443
-504
-486
-494
-460
-454
-600
-741
-799
-722
-522
-280
-118
-138
-195
-312
-350
-342
-342
-274
-284
-275
-227
-230
-322
-367
-343
-292
-238
-148
-66
-100
-106
-154
-218
-151
-43
48
65
-52
-136
-171
-129
-194
-205
-205
-132
9
68
8
-123
-274
-237
-44
144
207
190
58
-74
-60
63
200
334
370
228
62
29
78
251
365
325
216
99
16
48
143
231
212
136
100
48
0
-25
-48
43
160
104
-124
-243
-270
-218
-98
84
266
193
31
-217
-302
-194
-8
186
190
20
-104
-167
-103
19
-63
-224
-177
-97
-17
72
17
-148
-242
-163
-6
100
51
1
-78
-28
60
31
-40
-147
-173
-106
21
168
173
121
6
-46
-2
41
88
162
189
115
53
-12
-51
-16
-8
-84
-33
-12
4
-21
-46
-21
43
100
46
-25
21
27
76
201
287
124
-183
-328
-205
0
196
147
112
65
36
8
-22
-122
-144
-84
70
118
57
-37
-6
116
189
132
55
5
-1
34
34
54
79
16
23
94
236
160
25
-17
131
331
508
395
172
123
228
393
425
305
132
31
32
137
241
213
147
122
132
83
-24
-54
7
76
38
-50
-50
-2
83
100
161
58
-28
-31
-52
-85
-237
-293
-229
-32
309
921
1573
2064
2358
2287
1785
1193
669
176
-236
-443
-502
-466
-461
-537
-488
-361
-268
-251
-165
-177
-176
-137
-83
-97
-134
-242
-205
-83
7
69
94
-29
-56
-162
-201
-124
-15
55
119
181
131
51
31
-1
16
26
73
121
34
-98
-143
-73
2
80
102
47
-12
-17
70
147
326
463
400
235
130
208
294
373
339
273
218
132
59
195
375
433
400
416
428
284
202
197
261
404
448
462
351
177
65
91
191
340
366
267
70
-45
-22
60
145
181
97
-76
-196
-202
-133
-66
-73
96
250
200
59
-107
-206
-132
-42
12
-28
-122
-109
-33
95
156
72
-18
-33
63
66
105
123
124
6
66
87
-13
-103
-59
10
40
122
34
-15
-26
9
-19
-84
-51
-55
-23
-2
14
95
217
214
47
-104
-171
-136
-50
55
110
-20
-159
-271
-216
-90
-1
44
40
84
85
-55
-111
-183
-143
-2
14
-62
-61
-31
-25
-75
-50
2
-32
-159
-235
-142
100
283
197
-59
-177
-231
-142
10
20
33
70
65
-1
-99
-64
-26
-2
17
64
99
103
92
151
211
234
89
-37
42
188
257
153
67
58
9
30
131
190
123
-3
-63
-101
-57
-130
-232
-189
-144
-52
23
-106
-307
-341
-213
-26
63
-65
-230
-272
-161
242
773
1261
1733
2179
2386
2043
1385
748
214
-232
-553
-713
-660
-507
-439
-395
-442
-471
-376
-197
-119
-286
-468
-449
-337
-166
-50
-53
-159
-224
-151
-104
-40
1
-24
-29
-91
-137
-131
-67
-22
-13
-33
-94
-41
76
173
172
24
-14
-25
18
76
122
134
98
64
100
202
215
70
-3
41
179
263
338
323
310
269
293
396
391
272
225
241
312
389
327
246
294
393
462
431
377
253
175
174
265
375
320
167
101
142
218
232
235
161
108
31
-37
-23
-38
-159
-210
-120
-5
65
-32
-20
-7
12
-47
-100
-84
-84
27
194
271
70
-44
-82
-17
61
59
37
-26
-154
-246
-130
86
274
254
77
-36
-43
-2
5
-22
-44
-68
-126
-73
14
27
-50
-99
-44
27
36
-10
-78
-64
-25
21
-59
-141
-151
-130
-75
-21
7
-39
-116
-65
1
72
17
-127
-213
-175
-105
-33
-110
-158
-153
-85
-13
-28
-39
-90
-145
-153
-197
-214
-111
-59
-42
-65
-155
-151
-138
-11
118
96
-36
-93
-86
-78
-130
-122
-79
-93
-146
-162
-138
-147
-179
-148
-66
10
91
136
144
76
-28
-57
77
147
181
139
90
27
13
-1
17
31
114
116
57
14
68
60
-51
-135
-229
-267
-253
-204
-226
-188
-180
-147
-66
-60
-105
-145
-192
-210
-302
-343
-275
-81
297
980
1896
2548
2529
1993
1268
653
143
-382
-741
-851
-770
-570
-505
-528
-474
-378
-316
-343
-393
-407
-311
-231
-130
-201
-333
-387
-397
-331
-244
-175
-180
-171
-219
-232
-238
-157
-146
-171
-113
6
66
-113
-325
-361
-242
0
91
-73
-216
-187
-114
6
42
23
9
-35
32
27
20
4
-13
0
5
31
50
136
130
279
461
540
410
266
91
54
108
320
492
569
527
443
352
185
81
84
133
228
313
298
145
11
-80
-42
10
101
158
176
40
-99
-149
-49
4
-61
-18
42
112
134
148
68
46
-5
-34
-98
-137
-138
-78
59
99
-62
-239
-203
3
198
291
300
159
-6
-116
-46
32
-53
-82
5
120
66
-114
-151
-50
91
13
-109
-101
-4
193
216
140
57
-14
-131
-113
-45
0
-25
-101
-130
-115
-81
-56
-133
-189
-166
-38
130
125
95
83
24
-120
-191
-196
-83
148
189
123
-23
-148
-176
-159
-96
31
144
9
-117
-160
-63
102
107
0
-164
-210
-202
-128
-33
-25
-82
-179
-190
-90
15
70
51
-72
-66
0
123
147
131
90
54
37
66
78
1
-21
118
276
239
103
43
-19
-25
-2
42
119
168
84
-20
-88
-80
-52
-51
-103
-174
-175
-98
-103
-180
-180
-144
-70
-44
-107
-231
-261
-232
-314
-318
-159
286
842
1420
1937
2356
2398
1914
1237
618
-32
-579
-828
-795
-660
-568
-524
-483
-348
-243
-212
-208
-258
-234
-160
-78
-143
-229
-262
-246
-269
-225
-196
-171
-163
-129
-65
-42
-94
-176
-188
-133
-115
-129
-109
-39
-144
-235
-198
-150
-36
15
-16
-7
14
-15
-111
-129
-69
44
183
95
48
47
179
215
150
11
-42
-55
50
165
281
300
219
173
106
125
101
203
308
295
259
183
165
150
191
221
210
213
115
-45
-109
31
166
233
104
-10
-62
-30
-33
49
174
204
-28
-185
-306
-298
-221
-180
-74
63
74
1
-75
-109
-130
-111
-111
-103
-140
-155
-192
-153
-28
0
0
-11
-93
-158
-110
-40
-39
-33
-81
-114
-124
-92
-21
-57
-181
-138
-11
60
23
13
-5
-88
-95
-90
-74
-34
-8
46
-34
-202
-322
-289
-203
-71
-55
-97
-162
-220
-195
-102
12
53
-25
-39
-70
-129
-128
-109
-71
-48
-131
-188
-254
-192
-73
-85
-130
-83
-47
-93
-177
-128
6
76
-12
-217
-272
-166
-106
-208
-228
-129
-5
40
125
151
-8
-175
-211
-110
99
216
292
255
213
184
110
10
-63
27
202
226
128
5
-101
-108
-70
-115
-192
-252
-222
-59
120
23
-272
-418
-447
-345
-180
-27
69
-62
-246
-350
-299
-199
-104
59
331
841
1416
1903
2226
2006
1368
755
270
-124
-465
-659
-735
-753
-744
-709
-597
-452
-264
-210
-172
-195
-173
-195
-263
-220
-184
-244
-276
-270
-205
-189
-124
-96
-233
-284
-227
-151
-176
-291
-326
-250
-125
-15
-109
-175
-110
-25
-64
-135
-110
43
37
-150
-330
-332
-218
-26
40
43
-31
-111
-74
19
80
93
86
95
131
142
179
141
107
89
130
124
63
87
160
263
331
200
58
109
119
127
76
187
267
290
108
-148
-269
-96
112
273
185
36
-90
-108
-114
-140
-132
-127
-123
-177
-271
-253
-147
-30
-52
-155
-175
-101
-62
-132
-133
-66
23
125
154
79
-138
-239
-221
-135
-39
-13
-73
-123
-22
65
36
-19
-79
-69
43
68
37
-65
-138
-83
-3
64
-22
-142
-248
-195
-74
-47
-44
0
5
-11
-50
-97
-181
-206
-213
-137
-66
10
87
65
-37
-155
-233
-271
-154
-4
10
-158
-216
-205
-161
-121
-8
120
207
191
96
-86
-172
-103
28
57
56
5
-74
-58
36
173
68
75
118
188
79
72
42
139
117
49
-115
-151
-85
-127
-203
-173
-114
-119
-146
-162
-204
-267
-266
-205
-110
-171
-276
-283
-293
-316
-280
-108
241
690
1170
1753
2094
2071
1691
1109
579
75
-311
-606
-818
-832
-744
-649
-632
-615
-580
-454
-333
-279
-164
-163
-153
-73
-176
-428
-519
-411
-224
-115
-88
-80
-119
-176
-238
-194
-110
-78
-174
-295
-325
-315
-196
-85
-61
-64
-83
-74
-81
2
4
-79
-186
-204
-123
-24
51
128
81
67
-26
-73
-120
-86
31
117
247
237
137
-50
-149
-69
144
304
372
309
226
150
104
78
91
148
141
54
8
21
85
140
132
-44
-154
-108
42
51
-84
-213
-230
-91
117
118
-83
-193
-144
12
174
121
-19
-133
-224
-277
-226
-181
-174
-195
-239
-179
-75
13
55
82
-57
-143
-107
-13
118
7
-169
-250
-212
-80
-23
-42
-99
-154
-120
-45
-75
-65
-43
-67
-96
-222
-275
-126
35
151
90
-35
-98
-112
-1
116
109
-65
-248
-389
-313
-101
111
148
-77
-220
-268
-230
-173
-58
-33
-37
-102
-112
-75
-11
43
28
-2
134
250
333
304
211
188
125
61
-51
-18
59
93
20
-91
-92
-116
-160
-162
-179
-230
-229
-249
-247
-183
-61
-91
-109
-44
-31
-145
-234
-299
-309
-234
-353
-431
-264
174
753
1339
1813
2166
2193
1721
1000
397
-89
-386
-582
-692
-715
-615
-501
-464
-485
-504
-511
-493
-430
-321
-201
-74
-25
-125
-301
-349
-226
-69
-8
-55
-143
-169
-115
-6
-18
-135
-169
-117
-14
-35
-154
-185
-196
-150
-92
-43
-109
-172
-167
-68
93
90
49
-90
-199
-148
-47
35
64
20
-14
18
97
71
107
175
227
98
69
61
125
151
267
262
256
336
407
364
286
222
174
108
129
51
41
24
110
154
82
-17
-54
-25
-40
-22
-7
79
34
-234
-273
-128
48
144
16
-74
-109
-40
-29
-71
-64
-105
-188
-162
-94
-15
57
62
53
-73
-154
-245
-250
-168
1
142
226
157
-46
-269
-195
-9
134
154
48
-100
-182
-188
-129
-41
20
63
22
-142
-176
-95
21
111
180
127
-45
-179
-208
-135
-62
-46
-37
-38
12
15
-32
-83
-210
-225
-151
-26
-9
9
38
65
64
35
13
29
25
-14
-10
-11
75
211
352
231
9
-122
-119
-85
-85
16
48
-27
-143
-191
-116
-59
-153
-258
-301
-275
-239
-183
-181
-240
-305
-276
-170
-45
-60
-142
-232
-239
-124
156
656
1223
1882
2346
2292
1646
903
291
-145
-524
-719
-742
-680
-599
-561
-580
-538
-420
-230
-140
-166
-269
-323
-387
-330
-265
-297
-321
-243
-149
-145
-191
-167
-195
-227
-256
-264
-202
-136
-6
66
87
-26
-144
-164
-164
-118
-59
-49
-66
-168
-263
-292
-214
-29
150
182
34
-153
-231
-139
21
14
-14
43
121
147
131
127
124
167
196
169
138
77
73
157
248
230
140
67
95
204
343
267
116
71
78
10
-22
13
68
10
-97
-160
-113
-17
58
111
93
31
-19
-69
-91
-71
-149
-140
-18
116
39
-94
-119
-118
-94
-53
-62
-14
14
-76
-183
-258
-240
-185
-52
2
32
34
-14
-60
-25
63
105
158
171
84
-32
-138
-189
-122
4
37
-70
-68
-49
0
-18
-97
-120
34
161
42
-140
-240
-260
-138
-12
51
89
16
-107
-146
-124
-122
-113
-62
-16
41
29
-29
-84
-85
-18
-40
-117
-206
-229
-174
-71
-33
54
118
101
-19
-101
-79
12
110
128
117
111
123
143
187
147
76
8
-8
58
66
68
39
35
41
16
-32
-74
-109
-73
-52
-72
-225
-311
-260
-133
-53
-66
-101
-112
-118
-215
-267
-266
-237
-212
-162
-85
107
490
1151
1881
2322
2273
1820
1123
435
-112
-402
-565
-567
-620
-693
-659
-566
-486
-479
-417
-351
-355
-399
-439
-376
-269
-211
-221
-223
-175
-155
-232
-381
-330
-173
-30
-133
-248
-240
-187
-119
-107
-190
-186
-135
-36
-71
-196
-218
-160
-60
-35
-126
-251
-290
-250
-112
-38
-65
-122
-102
-26
19
85
88
109
122
142
167
256
327
320
199
111
107
133
48
-24
-60
-5
72
235
311
319
265
111
-35
-87
-26
38
71
77
78
92
82
6
-117
-163
-187
-130
-77
-45
-138
-235
-237
-125
40
51
-98
-141
-89
34
114
44
-163
-254
-166
-70
-95
-196
-276
-183
-2
150
202
113
-55
-179
-197
-158
-79
-95
-117
-78
-52
-67
-90
-131
-82
13
45
18
-9
-28
-118
-195
-180
-80
-2
9
-132
-126
35
82
-66
-175
-157
-75
-61
-107
-140
-133
-146
-180
-210
-162
-111
-28
29
36
-75
-164
-183
-208
-131
5
96
-66
-269
-347
-290
-217
-180
-112
-18
72
10
-143
-204
-234
-244
-263
-193
-145
-108
-4
-8
19
64
28
-10
-76
-127
-155
-170
-134
-87
-70
-27
-81
-202
-279
-246
-165
-136
-92
18
9
-49
-89
-114
-11
154
196
90
-6
-41
10
156
234
262
114
86
64
97
89
104
41
-25
-62
-86
-128
-135
-119
-165
-198
-271
-316
-289
-145
-77
-73
-61
-169
-245
-273
-201
-221
-265
-315
-260
-196
-12
241
588
1092
1801
2432
2497
1917
1081
403
-76
-478
-775
-911
-868
-747
-668
-630
-553
-383
-205
-225
-325
-425
-422
-316
-198
-127
-155
-187
-328
-411
-429
-451
-375
-265
-221
-232
-247
-305
-345
-299
-275
-263
-269
-323
-305
-200
-139
-95
-124
-157
-223
-199
-144
-180
-204
-233
-160
-45
-23
-62
-75
-30
71
81
20
-5
-14
36
34
60
85
136
160
115
-54
-133
-82
57
245
351
327
236
110
46
61
66
31
71
80
100
4
-64
-46
-7
-26
-33
18
84
-32
-174
-288
-275
-194
-137
-84
-117
-174
-166
-197
-193
-240
-206
-182
-180
-148
-141
-147
-161
-144
-179
-242
-199
11
27
-90
-189
-253
-212
-89
-7
17
31
-19
-137
-167
-171
-151
-184
-214
-154
-41
43
-109
-281
-339
-225
-89
-71
-135
-177
-97
7
3
-12
3
6
7
20
-43
-172
-240
-257
-202
-175
-102
-40
-20
-132
-295
-301
-191
-94
-124
-151
-191
-185
-161
-121
-69
-109
-140
-68
0
-2
-90
-156
-200
-243
-242
-229
-211
-174
-95
-93
-108
-170
-183
-170
-71
-61
-114
